10010011010000001110
00010000000000111101
00010000000100111110
00010000001000111111
00110000001100000000
01100100001000100000
000000100001010100000010
000001010000010100000001
000000100000001000010100
000000100101001000000011
01000011010001000000
10000011001100000001
10010011000000000100
00110000001100000000
00110000010000111011
00010011010100000000
000001010010010100000000
000000100001011000000010
000000010000011000000001
000000100000001000010100
000000100110001000000011
000000000011011100001000
01000111010100000000
10000011001100000001
10010011010000001110
